$ANSIBLE_VAULT;1.1;AES256
63386639306438613561306638366436343938663433383836346662393561663730376632623431
3432383639383338353538636666323237376239316233650a303838363530626239316463333836
65643531393062623736653835363461386336333439656663346335303631323630346262356539
3033316335366363380a366533636539616138643563643365613863663232663564356166636330
36386431396533323166313237303132613033343933613765663934393966663232313066636663
63373835623935633564303338646631313166616231343635313763663337333635646461386133
64356539356532643731346435373233343832616430366261613831616535366665623661343233
34323963366233663639653864326231303064623439363839326535303538366537356163376431
62303165646330656265656531653633333365333936633233373139396534666538623561386439
61393431383230626233323436356532373066303532633330633235333663643163343831336366
37356666386461386533373034623439313935393762303662383333386435376333303038626439
62616532653461303237306465383532356534633435633164363335643365313965386433653936
63643336623663323861333631383730383835396164326536636438313131616266353539643463
33613231373866386437306532373665343835656265326365336663383932353836656437336336
62343264333361306231623336613934393963626164626631396639633033633331663432643266
31366237356334383138353738353962656566653566393534633139636561393466656638623238
65636163346131386133393665623366356636626566376132663562356431396232346339663530
36343064626330313130343139303234383162353631396465646430356365636537663964353564
39336632303965643263646338306637343365313762313735386439353434323738346235363635
35643063386433383334333336323438376330323265653138636536383964646136653736613539
66343335623864326338623337616130383165393763356564343932376632336463666165346536
34636366383833616638363133626632613830653532626163333331653163343431653930636561
33646130613830343361653036333833356663616161373837656638343034623462353837663936
63303033646434353462613034653465343866346566356234663662336162633435313232376663
38613966646536663061383561363264396231643332663961653934396132336665626463353732
39643266633363386662383831336337613438343037666265323062643262643534333138626466
37663732313535303062326361383431393932343636336461393937373630363466346135316465
34323930353238626264616661303534313632663333343763643732393438313638656163313037
36613636626331313332383138336139643331306163393837316632613462396634333061396237
61666562646433656535386630636231333035653062373437353932646232303865613434663731
65656532373033323537623161333366656664643535383837343264666165643435663036303936
62656334376130626338326261633865633165613963346635346362303137646431396631396564
3233
